0101011180|010101|202101|010401|01040101|8|0|10|29|0|0|100.0|0
0101011280|010101|202101|010401|01040101|8|0|10|29|0|1|100.0|0
0101011380|010101|202101|010401|01040101|8|0|10|29|0|2|100.0|0
0101012180|010101|202101|010401|01040101|8|0|10|29|1|0|100.0|0
0101012280|010101|202101|010401|01040101|8|0|10|29|1|1|100.0|0
0101012380|010101|202101|010401|01040101|8|0|10|29|1|2|100.0|0
0101013180|010101|202101|010401|01040101|8|0|10|29|2|0|200.0|0
0101013280|010101|202101|010401|01040101|8|0|10|29|2|1|200.0|0
0101013380|010101|202101|010401|01040101|8|0|10|29|2|2|200.0|0
010101111230|010101|202101|010401|01040101|12|30|14|59|0|0|100.0|0
010101121230|010101|202101|010401|01040101|12|30|14|59|0|1|100.0|0
010101131230|010101|202101|010401|01040101|12|30|14|59|0|2|100.0|0
010101211230|010101|202101|010401|01040101|12|30|14|59|1|0|100.0|0
010101221230|010101|202101|010401|01040101|12|30|14|59|1|1|100.0|0
010101231230|010101|202101|010401|01040101|12|30|14|59|1|2|100.0|0
010101311230|010101|202101|010401|01040101|12|30|14|59|2|0|200.0|0
010101321230|010101|202101|010401|01040101|12|30|14|59|2|1|200.0|0
010101331230|010101|202101|010401|01040101|12|30|14|59|2|2|200.0|0
01010111190|010101|202101|010401|01040101|19|0|21|29|0|0|100.0|0
01010112190|010101|202101|010401|01040101|19|0|21|29|0|1|100.0|0
01010113190|010101|202101|010401|01040101|19|0|21|29|0|2|100.0|0
01010121190|010101|202101|010401|01040101|19|0|21|29|1|0|100.0|0
01010122190|010101|202101|010401|01040101|19|0|21|29|1|1|100.0|0
01010123190|010101|202101|010401|01040101|19|0|21|29|1|2|100.0|0
01010131190|010101|202101|010401|01040101|19|0|21|29|2|0|200.0|0
01010132190|010101|202101|010401|01040101|19|0|21|29|2|1|200.0|0
01010133190|010101|202101|010401|01040101|19|0|21|29|2|2|200.0|0
010104111030|010104|200004|010401|01040101|10|30|12|29|0|0|100.0|0
010104121030|010104|200004|010401|01040101|10|30|12|29|0|1|100.0|0
010104131030|010104|200004|010401|01040101|10|30|12|29|0|2|100.0|0
010104211030|010104|200004|010401|01040101|10|30|12|29|1|0|100.0|0
010104221030|010104|200004|010401|01040101|10|30|12|29|1|1|100.0|0
010104231030|010104|200004|010401|01040101|10|30|12|29|1|2|100.0|0
010104311030|010104|200004|010401|01040101|10|30|12|29|2|0|200.0|0
010104321030|010104|200004|010401|01040101|10|30|12|29|2|1|200.0|0
010104331030|010104|200004|010401|01040101|10|30|12|29|2|2|200.0|0
01010411150|010104|200004|010401|01040101|15|0|16|59|0|0|100.0|0
01010412150|010104|200004|010401|01040101|15|0|16|59|0|1|100.0|0
01010413150|010104|200004|010401|01040101|15|0|16|59|0|2|100.0|0
01010421150|010104|200004|010401|01040101|15|0|16|59|1|0|100.0|0
01010422150|010104|200004|010401|01040101|15|0|16|59|1|1|100.0|0
01010423150|010104|200004|010401|01040101|15|0|16|59|1|2|100.0|0
01010431150|010104|200004|010401|01040101|15|0|16|59|2|0|200.0|0
01010432150|010104|200004|010401|01040101|15|0|16|59|2|1|200.0|0
01010433150|010104|200004|010401|01040101|15|0|16|59|2|2|200.0|0
01010411170|010104|200004|010401|01040101|17|0|18|59|0|0|100.0|0
01010412170|010104|200004|010401|01040101|17|0|18|59|0|1|100.0|0
01010413170|010104|200004|010401|01040101|17|0|18|59|0|2|100.0|0
01010421170|010104|200004|010401|01040101|17|0|18|59|1|0|100.0|0
01010422170|010104|200004|010401|01040101|17|0|18|59|1|1|100.0|0
01010423170|010104|200004|010401|01040101|17|0|18|59|1|2|100.0|0
01010431170|010104|200004|010401|01040101|17|0|18|59|2|0|200.0|0
01010432170|010104|200004|010401|01040101|17|0|18|59|2|1|200.0|0
01010433170|010104|200004|010401|01040101|17|0|18|59|2|2|200.0|0
010104112130|010104|200004|010401|01040101|21|30|23|29|0|0|100.0|0
010104122130|010104|200004|010401|01040101|21|30|23|29|0|1|100.0|0
010104132130|010104|200004|010401|01040101|21|30|23|29|0|2|100.0|0
010104212130|010104|200004|010401|01040101|21|30|23|29|1|0|100.0|0
010104222130|010104|200004|010401|01040101|21|30|23|29|1|1|100.0|0
010104232130|010104|200004|010401|01040101|21|30|23|29|1|2|100.0|0
010104312130|010104|200004|010401|01040101|21|30|23|29|2|0|200.0|0
010104322130|010104|200004|010401|01040101|21|30|23|29|2|1|200.0|0
010104332130|010104|200004|010401|01040101|21|30|23|29|2|2|200.0|0
01020611830|010206|200106|010401|01040102|8|30|10|29|0|0|300.0|0
01020612830|010206|200106|010401|01040102|8|30|10|29|0|1|300.0|0
01020613830|010206|200106|010401|01040102|8|30|10|29|0|2|300.0|0
01020614830|010206|200106|010401|01040102|8|30|10|29|0|3|300.0|0
01020621830|010206|200106|010401|01040102|8|30|10|29|1|0|300.0|0
01020622830|010206|200106|010401|01040102|8|30|10|29|1|1|500.0|0
01020623830|010206|200106|010401|01040102|8|30|10|29|1|2|500.0|0
01020624830|010206|200106|010401|01040102|8|30|10|29|1|3|300.0|0
01020631830|010206|200106|010401|01040102|8|30|10|29|2|0|300.0|0
01020632830|010206|200106|010401|01040102|8|30|10|29|2|1|500.0|0
01020633830|010206|200106|010401|01040102|8|30|10|29|2|2|500.0|0
01020634830|010206|200106|010401|01040102|8|30|10|29|2|3|300.0|0
01020641830|010206|200106|010401|01040102|8|30|10|29|3|0|400.0|0
01020642830|010206|200106|010401|01040102|8|30|10|29|3|1|500.0|0
01020643830|010206|200106|010401|01040102|8|30|10|29|3|2|500.0|0
01020644830|010206|200106|010401|01040102|8|30|10|29|3|3|400.0|0
010206111330|010206|200106|010401|01040102|13|30|15|29|0|0|300.0|0
010206121330|010206|200106|010401|01040102|13|30|15|29|0|1|300.0|0
010206131330|010206|200106|010401|01040102|13|30|15|29|0|2|300.0|0
010206141330|010206|200106|010401|01040102|13|30|15|29|0|3|300.0|0
010206211330|010206|200106|010401|01040102|13|30|15|29|1|0|300.0|0
010206221330|010206|200106|010401|01040102|13|30|15|29|1|1|500.0|0
010206231330|010206|200106|010401|01040102|13|30|15|29|1|2|500.0|0
010206241330|010206|200106|010401|01040102|13|30|15|29|1|3|300.0|0
010206311330|010206|200106|010401|01040102|13|30|15|29|2|0|300.0|0
010206321330|010206|200106|010401|01040102|13|30|15|29|2|1|500.0|0
010206331330|010206|200106|010401|01040102|13|30|15|29|2|2|500.0|0
010206341330|010206|200106|010401|01040102|13|30|15|29|2|3|300.0|0
010206411330|010206|200106|010401|01040102|13|30|15|29|3|0|400.0|0
010206421330|010206|200106|010401|01040102|13|30|15|29|3|1|500.0|0
010206431330|010206|200106|010401|01040102|13|30|15|29|3|2|500.0|0
010206441330|010206|200106|010401|01040102|13|30|15|29|3|3|400.0|0
01020611180|010206|200106|010401|01040102|18|0|19|59|0|0|300.0|0
01020612180|010206|200106|010401|01040102|18|0|19|59|0|1|300.0|0
01020613180|010206|200106|010401|01040102|18|0|19|59|0|2|300.0|0
01020614180|010206|200106|010401|01040102|18|0|19|59|0|3|300.0|0
01020621180|010206|200106|010401|01040102|18|0|19|59|1|0|300.0|0
01020622180|010206|200106|010401|01040102|18|0|19|59|1|1|500.0|0
01020623180|010206|200106|010401|01040102|18|0|19|59|1|2|500.0|0
01020624180|010206|200106|010401|01040102|18|0|19|59|1|3|300.0|0
01020631180|010206|200106|010401|01040102|18|0|19|59|2|0|300.0|0
01020632180|010206|200106|010401|01040102|18|0|19|59|2|1|500.0|0
01020633180|010206|200106|010401|01040102|18|0|19|59|2|2|500.0|0
01020634180|010206|200106|010401|01040102|18|0|19|59|2|3|300.0|0
01020641180|010206|200106|010401|01040102|18|0|19|59|3|0|400.0|0
01020642180|010206|200106|010401|01040102|18|0|19|59|3|1|500.0|0
01020643180|010206|200106|010401|01040102|18|0|19|59|3|2|500.0|0
01020644180|010206|200106|010401|01040102|18|0|19|59|3|3|400.0|0
01020611220|010206|200106|010401|01040102|22|0|23|59|0|0|300.0|0
01020612220|010206|200106|010401|01040102|22|0|23|59|0|1|300.0|0
01020613220|010206|200106|010401|01040102|22|0|23|59|0|2|300.0|0
01020614220|010206|200106|010401|01040102|22|0|23|59|0|3|300.0|0
01020621220|010206|200106|010401|01040102|22|0|23|59|1|0|300.0|0
01020622220|010206|200106|010401|01040102|22|0|23|59|1|1|500.0|0
01020623220|010206|200106|010401|01040102|22|0|23|59|1|2|500.0|0
01020624220|010206|200106|010401|01040102|22|0|23|59|1|3|300.0|0
01020631220|010206|200106|010401|01040102|22|0|23|59|2|0|300.0|0
01020632220|010206|200106|010401|01040102|22|0|23|59|2|1|500.0|0
01020633220|010206|200106|010401|01040102|22|0|23|59|2|2|500.0|0
01020634220|010206|200106|010401|01040102|22|0|23|59|2|3|300.0|0
01020641220|010206|200106|010401|01040102|22|0|23|59|3|0|400.0|0
01020642220|010206|200106|010401|01040102|22|0|23|59|3|1|500.0|0
01020643220|010206|200106|010401|01040102|22|0|23|59|3|2|500.0|0
01020644220|010206|200106|010401|01040102|22|0|23|59|3|3|400.0|0
01030111930|010301|202101|010401|01040103|9|30|11|59|0|0|400.0|0
01030112930|010301|202101|010401|01040103|9|30|11|59|0|1|400.0|0
01030113930|010301|202101|010401|01040103|9|30|11|59|0|2|400.0|0
01030121930|010301|202101|010401|01040103|9|30|11|59|1|0|400.0|0
01030122930|010301|202101|010401|01040103|9|30|11|59|1|1|500.0|0
01030123930|010301|202101|010401|01040103|9|30|11|59|1|2|400.0|0
01030131930|010301|202101|010401|01040103|9|30|11|59|2|0|500.0|0
01030132930|010301|202101|010401|01040103|9|30|11|59|2|1|900.0|0
01030133930|010301|202101|010401|01040103|9|30|11|59|2|2|500.0|0
01030141930|010301|202101|010401|01040103|9|30|11|59|3|0|700.0|0
01030142930|010301|202101|010401|01040103|9|30|11|59|3|1|900.0|0
01030143930|010301|202101|010401|01040103|9|30|11|59|3|2|700.0|0
01030151930|010301|202101|010401|01040103|9|30|11|59|4|0|700.0|0
01030152930|010301|202101|010401|01040103|9|30|11|59|4|1|900.0|0
01030153930|010301|202101|010401|01040103|9|30|11|59|4|2|700.0|0
01030161930|010301|202101|010401|01040103|9|30|11|59|5|0|500.0|0
01030162930|010301|202101|010401|01040103|9|30|11|59|5|1|700.0|0
01030163930|010301|202101|010401|01040103|9|30|11|59|5|2|500.0|0
01030111170|010301|202101|010401|01040103|17|0|19|29|0|0|400.0|0
01030112170|010301|202101|010401|01040103|17|0|19|29|0|1|400.0|0
01030113170|010301|202101|010401|01040103|17|0|19|29|0|2|400.0|0
01030121170|010301|202101|010401|01040103|17|0|19|29|1|0|400.0|0
01030122170|010301|202101|010401|01040103|17|0|19|29|1|1|500.0|0
01030123170|010301|202101|010401|01040103|17|0|19|29|1|2|400.0|0
01030131170|010301|202101|010401|01040103|17|0|19|29|2|0|500.0|0
01030132170|010301|202101|010401|01040103|17|0|19|29|2|1|900.0|0
01030133170|010301|202101|010401|01040103|17|0|19|29|2|2|500.0|0
01030141170|010301|202101|010401|01040103|17|0|19|29|3|0|700.0|0
01030142170|010301|202101|010401|01040103|17|0|19|29|3|1|900.0|0
01030143170|010301|202101|010401|01040103|17|0|19|29|3|2|700.0|0
01030151170|010301|202101|010401|01040103|17|0|19|29|4|0|700.0|0
01030152170|010301|202101|010401|01040103|17|0|19|29|4|1|900.0|0
01030153170|010301|202101|010401|01040103|17|0|19|29|4|2|700.0|0
01030161170|010301|202101|010401|01040103|17|0|19|29|5|0|500.0|0
01030162170|010301|202101|010401|01040103|17|0|19|29|5|1|700.0|0
01030163170|010301|202101|010401|01040103|17|0|19|29|5|2|500.0|0
0103091170|010309|199709|010401|01040103|7|0|9|29|0|0|400.0|0
0103091270|010309|199709|010401|01040103|7|0|9|29|0|1|400.0|0
0103091370|010309|199709|010401|01040103|7|0|9|29|0|2|400.0|0
0103092170|010309|199709|010401|01040103|7|0|9|29|1|0|400.0|0
0103092270|010309|199709|010401|01040103|7|0|9|29|1|1|500.0|0
0103092370|010309|199709|010401|01040103|7|0|9|29|1|2|400.0|0
0103093170|010309|199709|010401|01040103|7|0|9|29|2|0|500.0|0
0103093270|010309|199709|010401|01040103|7|0|9|29|2|1|900.0|0
0103093370|010309|199709|010401|01040103|7|0|9|29|2|2|500.0|0
0103094170|010309|199709|010401|01040103|7|0|9|29|3|0|700.0|0
0103094270|010309|199709|010401|01040103|7|0|9|29|3|1|900.0|0
0103094370|010309|199709|010401|01040103|7|0|9|29|3|2|700.0|0
0103095170|010309|199709|010401|01040103|7|0|9|29|4|0|700.0|0
0103095270|010309|199709|010401|01040103|7|0|9|29|4|1|900.0|0
0103095370|010309|199709|010401|01040103|7|0|9|29|4|2|700.0|0
0103096170|010309|199709|010401|01040103|7|0|9|29|5|0|500.0|0
0103096270|010309|199709|010401|01040103|7|0|9|29|5|1|700.0|0
0103096370|010309|199709|010401|01040103|7|0|9|29|5|2|500.0|0
01030911120|010309|199709|010401|01040103|12|0|14|29|0|0|400.0|0
01030912120|010309|199709|010401|01040103|12|0|14|29|0|1|400.0|0
01030913120|010309|199709|010401|01040103|12|0|14|29|0|2|400.0|0
01030921120|010309|199709|010401|01040103|12|0|14|29|1|0|400.0|0
01030922120|010309|199709|010401|01040103|12|0|14|29|1|1|500.0|0
01030923120|010309|199709|010401|01040103|12|0|14|29|1|2|400.0|0
01030931120|010309|199709|010401|01040103|12|0|14|29|2|0|500.0|0
01030932120|010309|199709|010401|01040103|12|0|14|29|2|1|900.0|0
01030933120|010309|199709|010401|01040103|12|0|14|29|2|2|500.0|0
01030941120|010309|199709|010401|01040103|12|0|14|29|3|0|700.0|0
01030942120|010309|199709|010401|01040103|12|0|14|29|3|1|900.0|0
01030943120|010309|199709|010401|01040103|12|0|14|29|3|2|700.0|0
01030951120|010309|199709|010401|01040103|12|0|14|29|4|0|700.0|0
01030952120|010309|199709|010401|01040103|12|0|14|29|4|1|900.0|0
01030953120|010309|199709|010401|01040103|12|0|14|29|4|2|700.0|0
01030961120|010309|199709|010401|01040103|12|0|14|29|5|0|500.0|0
01030962120|010309|199709|010401|01040103|12|0|14|29|5|1|700.0|0
01030963120|010309|199709|010401|01040103|12|0|14|29|5|2|500.0|0
010309111430|010309|199709|010401|01040103|14|30|16|59|0|0|400.0|0
010309121430|010309|199709|010401|01040103|14|30|16|59|0|1|400.0|0
010309131430|010309|199709|010401|01040103|14|30|16|59|0|2|400.0|0
010309211430|010309|199709|010401|01040103|14|30|16|59|1|0|400.0|0
010309221430|010309|199709|010401|01040103|14|30|16|59|1|1|500.0|0
010309231430|010309|199709|010401|01040103|14|30|16|59|1|2|400.0|0
010309311430|010309|199709|010401|01040103|14|30|16|59|2|0|500.0|0
010309321430|010309|199709|010401|01040103|14|30|16|59|2|1|900.0|0
010309331430|010309|199709|010401|01040103|14|30|16|59|2|2|500.0|0
010309411430|010309|199709|010401|01040103|14|30|16|59|3|0|700.0|0
010309421430|010309|199709|010401|01040103|14|30|16|59|3|1|900.0|0
010309431430|010309|199709|010401|01040103|14|30|16|59|3|2|700.0|0
010309511430|010309|199709|010401|01040103|14|30|16|59|4|0|700.0|0
010309521430|010309|199709|010401|01040103|14|30|16|59|4|1|900.0|0
010309531430|010309|199709|010401|01040103|14|30|16|59|4|2|700.0|0
010309611430|010309|199709|010401|01040103|14|30|16|59|5|0|500.0|0
010309621430|010309|199709|010401|01040103|14|30|16|59|5|1|700.0|0
010309631430|010309|199709|010401|01040103|14|30|16|59|5|2|500.0|0
010309111930|010309|199709|010401|01040103|19|30|21|59|0|0|400.0|0
010309121930|010309|199709|010401|01040103|19|30|21|59|0|1|400.0|0
010309131930|010309|199709|010401|01040103|19|30|21|59|0|2|400.0|0
010309211930|010309|199709|010401|01040103|19|30|21|59|1|0|400.0|0
010309221930|010309|199709|010401|01040103|19|30|21|59|1|1|500.0|0
010309231930|010309|199709|010401|01040103|19|30|21|59|1|2|400.0|0
010309311930|010309|199709|010401|01040103|19|30|21|59|2|0|500.0|0
010309321930|010309|199709|010401|01040103|19|30|21|59|2|1|900.0|0
010309331930|010309|199709|010401|01040103|19|30|21|59|2|2|500.0|0
010309411930|010309|199709|010401|01040103|19|30|21|59|3|0|700.0|0
010309421930|010309|199709|010401|01040103|19|30|21|59|3|1|900.0|0
010309431930|010309|199709|010401|01040103|19|30|21|59|3|2|700.0|0
010309511930|010309|199709|010401|01040103|19|30|21|59|4|0|700.0|0
010309521930|010309|199709|010401|01040103|19|30|21|59|4|1|900.0|0
010309531930|010309|199709|010401|01040103|19|30|21|59|4|2|700.0|0
010309611930|010309|199709|010401|01040103|19|30|21|59|5|0|500.0|0
010309621930|010309|199709|010401|01040103|19|30|21|59|5|1|700.0|0
010309631930|010309|199709|010401|01040103|19|30|21|59|5|2|500.0|0
0201021170|020102|201602|010402|01040201|7|0|9|59|0|0|400.0|0
0201021270|020102|201602|010402|01040201|7|0|9|59|0|1|800.0|0
0201021370|020102|201602|010402|01040201|7|0|9|59|0|2|1000.0|0
0201021470|020102|201602|010402|01040201|7|0|9|59|0|3|800.0|0
0201021570|020102|201602|010402|01040201|7|0|9|59|0|4|400.0|0
0201022170|020102|201602|010402|01040201|7|0|9|59|1|0|400.0|0
0201022270|020102|201602|010402|01040201|7|0|9|59|1|1|800.0|0
0201022370|020102|201602|010402|01040201|7|0|9|59|1|2|1000.0|0
0201022470|020102|201602|010402|01040201|7|0|9|59|1|3|800.0|0
0201022570|020102|201602|010402|01040201|7|0|9|59|1|4|400.0|0
0201023170|020102|201602|010402|01040201|7|0|9|59|2|0|400.0|0
0201023270|020102|201602|010402|01040201|7|0|9|59|2|1|800.0|0
0201023370|020102|201602|010402|01040201|7|0|9|59|2|2|1000.0|0
0201023470|020102|201602|010402|01040201|7|0|9|59|2|3|800.0|0
0201023570|020102|201602|010402|01040201|7|0|9|59|2|4|400.0|0
02010211100|020102|201602|010402|01040201|10|0|12|59|0|0|400.0|0
02010212100|020102|201602|010402|01040201|10|0|12|59|0|1|800.0|0
02010213100|020102|201602|010402|01040201|10|0|12|59|0|2|1000.0|0
02010214100|020102|201602|010402|01040201|10|0|12|59|0|3|800.0|0
02010215100|020102|201602|010402|01040201|10|0|12|59|0|4|400.0|0
02010221100|020102|201602|010402|01040201|10|0|12|59|1|0|400.0|0
02010222100|020102|201602|010402|01040201|10|0|12|59|1|1|800.0|0
02010223100|020102|201602|010402|01040201|10|0|12|59|1|2|1000.0|0
02010224100|020102|201602|010402|01040201|10|0|12|59|1|3|800.0|0
02010225100|020102|201602|010402|01040201|10|0|12|59|1|4|400.0|0
02010231100|020102|201602|010402|01040201|10|0|12|59|2|0|400.0|0
02010232100|020102|201602|010402|01040201|10|0|12|59|2|1|800.0|0
02010233100|020102|201602|010402|01040201|10|0|12|59|2|2|1000.0|0
02010234100|020102|201602|010402|01040201|10|0|12|59|2|3|800.0|0
02010235100|020102|201602|010402|01040201|10|0|12|59|2|4|400.0|0
02010211130|020102|201602|010402|01040201|13|0|15|59|0|0|400.0|0
02010212130|020102|201602|010402|01040201|13|0|15|59|0|1|800.0|0
02010213130|020102|201602|010402|01040201|13|0|15|59|0|2|1000.0|0
02010214130|020102|201602|010402|01040201|13|0|15|59|0|3|800.0|0
02010215130|020102|201602|010402|01040201|13|0|15|59|0|4|400.0|0
02010221130|020102|201602|010402|01040201|13|0|15|59|1|0|400.0|0
02010222130|020102|201602|010402|01040201|13|0|15|59|1|1|800.0|0
02010223130|020102|201602|010402|01040201|13|0|15|59|1|2|1000.0|0
02010224130|020102|201602|010402|01040201|13|0|15|59|1|3|800.0|0
02010225130|020102|201602|010402|01040201|13|0|15|59|1|4|400.0|0
02010231130|020102|201602|010402|01040201|13|0|15|59|2|0|400.0|0
02010232130|020102|201602|010402|01040201|13|0|15|59|2|1|800.0|0
02010233130|020102|201602|010402|01040201|13|0|15|59|2|2|1000.0|0
02010234130|020102|201602|010402|01040201|13|0|15|59|2|3|800.0|0
02010235130|020102|201602|010402|01040201|13|0|15|59|2|4|400.0|0
02010211160|020102|201602|010402|01040201|16|0|18|59|0|0|400.0|0
02010212160|020102|201602|010402|01040201|16|0|18|59|0|1|800.0|0
02010213160|020102|201602|010402|01040201|16|0|18|59|0|2|1000.0|0
02010214160|020102|201602|010402|01040201|16|0|18|59|0|3|800.0|0
02010215160|020102|201602|010402|01040201|16|0|18|59|0|4|400.0|0
02010221160|020102|201602|010402|01040201|16|0|18|59|1|0|400.0|0
02010222160|020102|201602|010402|01040201|16|0|18|59|1|1|800.0|0
02010223160|020102|201602|010402|01040201|16|0|18|59|1|2|1000.0|0
02010224160|020102|201602|010402|01040201|16|0|18|59|1|3|800.0|0
02010225160|020102|201602|010402|01040201|16|0|18|59|1|4|400.0|0
02010231160|020102|201602|010402|01040201|16|0|18|59|2|0|400.0|0
02010232160|020102|201602|010402|01040201|16|0|18|59|2|1|800.0|0
02010233160|020102|201602|010402|01040201|16|0|18|59|2|2|1000.0|0
02010234160|020102|201602|010402|01040201|16|0|18|59|2|3|800.0|0
02010235160|020102|201602|010402|01040201|16|0|18|59|2|4|400.0|0
02010211190|020102|201602|010402|01040201|19|0|21|59|0|0|400.0|0
02010212190|020102|201602|010402|01040201|19|0|21|59|0|1|800.0|0
02010213190|020102|201602|010402|01040201|19|0|21|59|0|2|1000.0|0
02010214190|020102|201602|010402|01040201|19|0|21|59|0|3|800.0|0
02010215190|020102|201602|010402|01040201|19|0|21|59|0|4|400.0|0
02010221190|020102|201602|010402|01040201|19|0|21|59|1|0|400.0|0
02010222190|020102|201602|010402|01040201|19|0|21|59|1|1|800.0|0
02010223190|020102|201602|010402|01040201|19|0|21|59|1|2|1000.0|0
02010224190|020102|201602|010402|01040201|19|0|21|59|1|3|800.0|0
02010225190|020102|201602|010402|01040201|19|0|21|59|1|4|400.0|0
02010231190|020102|201602|010402|01040201|19|0|21|59|2|0|400.0|0
02010232190|020102|201602|010402|01040201|19|0|21|59|2|1|800.0|0
02010233190|020102|201602|010402|01040201|19|0|21|59|2|2|1000.0|0
02010234190|020102|201602|010402|01040201|19|0|21|59|2|3|800.0|0
02010235190|020102|201602|010402|01040201|19|0|21|59|2|4|400.0|0
02020511730|020205|200805|010402|01040202|7|30|9|29|0|0|150.0|0
02020512730|020205|200805|010402|01040202|7|30|9|29|0|1|150.0|0
02020513730|020205|200805|010402|01040202|7|30|9|29|0|2|150.0|0
02020521730|020205|200805|010402|01040202|7|30|9|29|1|0|150.0|0
02020522730|020205|200805|010402|01040202|7|30|9|29|1|1|150.0|0
02020523730|020205|200805|010402|01040202|7|30|9|29|1|2|150.0|0
02020531730|020205|200805|010402|01040202|7|30|9|29|2|0|150.0|0
02020532730|020205|200805|010402|01040202|7|30|9|29|2|1|150.0|0
02020533730|020205|200805|010402|01040202|7|30|9|29|2|2|150.0|0
02020511930|020205|200805|010402|01040202|9|30|11|29|0|0|150.0|0
02020512930|020205|200805|010402|01040202|9|30|11|29|0|1|150.0|0
02020513930|020205|200805|010402|01040202|9|30|11|29|0|2|150.0|0
02020521930|020205|200805|010402|01040202|9|30|11|29|1|0|150.0|0
02020522930|020205|200805|010402|01040202|9|30|11|29|1|1|150.0|0
02020523930|020205|200805|010402|01040202|9|30|11|29|1|2|150.0|0
02020531930|020205|200805|010402|01040202|9|30|11|29|2|0|150.0|0
02020532930|020205|200805|010402|01040202|9|30|11|29|2|1|150.0|0
02020533930|020205|200805|010402|01040202|9|30|11|29|2|2|150.0|0
020205112030|020205|200805|010402|01040202|20|30|22|29|0|0|150.0|0
020205122030|020205|200805|010402|01040202|20|30|22|29|0|1|150.0|0
020205132030|020205|200805|010402|01040202|20|30|22|29|0|2|150.0|0
020205212030|020205|200805|010402|01040202|20|30|22|29|1|0|150.0|0
020205222030|020205|200805|010402|01040202|20|30|22|29|1|1|150.0|0
020205232030|020205|200805|010402|01040202|20|30|22|29|1|2|150.0|0
020205312030|020205|200805|010402|01040202|20|30|22|29|2|0|150.0|0
020205322030|020205|200805|010402|01040202|20|30|22|29|2|1|150.0|0
020205332030|020205|200805|010402|01040202|20|30|22|29|2|2|150.0|0
020210111130|020210|201610|010402|01040202|11|30|14|29|0|0|150.0|0
020210121130|020210|201610|010402|01040202|11|30|14|29|0|1|150.0|0
020210131130|020210|201610|010402|01040202|11|30|14|29|0|2|150.0|0
020210211130|020210|201610|010402|01040202|11|30|14|29|1|0|150.0|0
020210221130|020210|201610|010402|01040202|11|30|14|29|1|1|150.0|0
020210231130|020210|201610|010402|01040202|11|30|14|29|1|2|150.0|0
020210311130|020210|201610|010402|01040202|11|30|14|29|2|0|150.0|0
020210321130|020210|201610|010402|01040202|11|30|14|29|2|1|150.0|0
020210331130|020210|201610|010402|01040202|11|30|14|29|2|2|150.0|0
020210111430|020210|201610|010402|01040202|14|30|17|29|0|0|150.0|0
020210121430|020210|201610|010402|01040202|14|30|17|29|0|1|150.0|0
020210131430|020210|201610|010402|01040202|14|30|17|29|0|2|150.0|0
020210211430|020210|201610|010402|01040202|14|30|17|29|1|0|150.0|0
020210221430|020210|201610|010402|01040202|14|30|17|29|1|1|150.0|0
020210231430|020210|201610|010402|01040202|14|30|17|29|1|2|150.0|0
020210311430|020210|201610|010402|01040202|14|30|17|29|2|0|150.0|0
020210321430|020210|201610|010402|01040202|14|30|17|29|2|1|150.0|0
020210331430|020210|201610|010402|01040202|14|30|17|29|2|2|150.0|0
020210111730|020210|201610|010402|01040202|17|30|20|29|0|0|150.0|0
020210121730|020210|201610|010402|01040202|17|30|20|29|0|1|150.0|0
020210131730|020210|201610|010402|01040202|17|30|20|29|0|2|150.0|0
020210211730|020210|201610|010402|01040202|17|30|20|29|1|0|150.0|0
020210221730|020210|201610|010402|01040202|17|30|20|29|1|1|150.0|0
020210231730|020210|201610|010402|01040202|17|30|20|29|1|2|150.0|0
020210311730|020210|201610|010402|01040202|17|30|20|29|2|0|150.0|0
020210321730|020210|201610|010402|01040202|17|30|20|29|2|1|150.0|0
020210331730|020210|201610|010402|01040202|17|30|20|29|2|2|150.0|0
0203031170|020303|201803|010402|01040203|7|0|9|29|0|0|500.0|0
0203031270|020303|201803|010402|01040203|7|0|9|29|0|1|630.0|0
0203031370|020303|201803|010402|01040203|7|0|9|29|0|2|500.0|0
0203032170|020303|201803|010402|01040203|7|0|9|29|1|0|500.0|0
0203032270|020303|201803|010402|01040203|7|0|9|29|1|1|650.0|0
0203032370|020303|201803|010402|01040203|7|0|9|29|1|2|500.0|0
0203033170|020303|201803|010402|01040203|7|0|9|29|2|0|500.0|0
0203033270|020303|201803|010402|01040203|7|0|9|29|2|1|650.0|0
0203033370|020303|201803|010402|01040203|7|0|9|29|2|2|500.0|0
0203034170|020303|201803|010402|01040203|7|0|9|29|3|0|500.0|0
0203034270|020303|201803|010402|01040203|7|0|9|29|3|1|650.0|0
0203034370|020303|201803|010402|01040203|7|0|9|29|3|2|500.0|0
02030311130|020303|201803|010402|01040203|13|0|15|29|0|0|500.0|0
02030312130|020303|201803|010402|01040203|13|0|15|29|0|1|630.0|0
02030313130|020303|201803|010402|01040203|13|0|15|29|0|2|500.0|0
02030321130|020303|201803|010402|01040203|13|0|15|29|1|0|500.0|0
02030322130|020303|201803|010402|01040203|13|0|15|29|1|1|650.0|0
02030323130|020303|201803|010402|01040203|13|0|15|29|1|2|500.0|0
02030331130|020303|201803|010402|01040203|13|0|15|29|2|0|500.0|0
02030332130|020303|201803|010402|01040203|13|0|15|29|2|1|650.0|0
02030333130|020303|201803|010402|01040203|13|0|15|29|2|2|500.0|0
02030341130|020303|201803|010402|01040203|13|0|15|29|3|0|500.0|0
02030342130|020303|201803|010402|01040203|13|0|15|29|3|1|650.0|0
02030343130|020303|201803|010402|01040203|13|0|15|29|3|2|500.0|0
02030311190|020303|201803|010402|01040203|19|0|21|29|0|0|500.0|0
02030312190|020303|201803|010402|01040203|19|0|21|29|0|1|630.0|0
02030313190|020303|201803|010402|01040203|19|0|21|29|0|2|500.0|0
02030321190|020303|201803|010402|01040203|19|0|21|29|1|0|500.0|0
02030322190|020303|201803|010402|01040203|19|0|21|29|1|1|650.0|0
02030323190|020303|201803|010402|01040203|19|0|21|29|1|2|500.0|0
02030331190|020303|201803|010402|01040203|19|0|21|29|2|0|500.0|0
02030332190|020303|201803|010402|01040203|19|0|21|29|2|1|650.0|0
02030333190|020303|201803|010402|01040203|19|0|21|29|2|2|500.0|0
02030341190|020303|201803|010402|01040203|19|0|21|29|3|0|500.0|0
02030342190|020303|201803|010402|01040203|19|0|21|29|3|1|650.0|0
02030343190|020303|201803|010402|01040203|19|0|21|29|3|2|500.0|0
02030411930|020304|200004|010402|01040203|9|30|11|29|0|0|500.0|0
02030412930|020304|200004|010402|01040203|9|30|11|29|0|1|630.0|0
02030413930|020304|200004|010402|01040203|9|30|11|29|0|2|500.0|0
02030421930|020304|200004|010402|01040203|9|30|11|29|1|0|500.0|0
02030422930|020304|200004|010402|01040203|9|30|11|29|1|1|650.0|0
02030423930|020304|200004|010402|01040203|9|30|11|29|1|2|500.0|0
02030431930|020304|200004|010402|01040203|9|30|11|29|2|0|500.0|0
02030432930|020304|200004|010402|01040203|9|30|11|29|2|1|650.0|0
02030433930|020304|200004|010402|01040203|9|30|11|29|2|2|500.0|0
02030441930|020304|200004|010402|01040203|9|30|11|29|3|0|500.0|0
02030442930|020304|200004|010402|01040203|9|30|11|29|3|1|650.0|0
02030443930|020304|200004|010402|01040203|9|30|11|29|3|2|500.0|0
020304111530|020304|200004|010402|01040203|15|30|17|29|0|0|500.0|0
020304121530|020304|200004|010402|01040203|15|30|17|29|0|1|630.0|0
020304131530|020304|200004|010402|01040203|15|30|17|29|0|2|500.0|0
020304211530|020304|200004|010402|01040203|15|30|17|29|1|0|500.0|0
020304221530|020304|200004|010402|01040203|15|30|17|29|1|1|650.0|0
020304231530|020304|200004|010402|01040203|15|30|17|29|1|2|500.0|0
020304311530|020304|200004|010402|01040203|15|30|17|29|2|0|500.0|0
020304321530|020304|200004|010402|01040203|15|30|17|29|2|1|650.0|0
020304331530|020304|200004|010402|01040203|15|30|17|29|2|2|500.0|0
020304411530|020304|200004|010402|01040203|15|30|17|29|3|0|500.0|0
020304421530|020304|200004|010402|01040203|15|30|17|29|3|1|650.0|0
020304431530|020304|200004|010402|01040203|15|30|17|29|3|2|500.0|0
020304112130|020304|200004|010402|01040203|21|30|23|29|0|0|500.0|0
020304122130|020304|200004|010402|01040203|21|30|23|29|0|1|630.0|0
020304132130|020304|200004|010402|01040203|21|30|23|29|0|2|500.0|0
020304212130|020304|200004|010402|01040203|21|30|23|29|1|0|500.0|0
020304222130|020304|200004|010402|01040203|21|30|23|29|1|1|650.0|0
020304232130|020304|200004|010402|01040203|21|30|23|29|1|2|500.0|0
020304312130|020304|200004|010402|01040203|21|30|23|29|2|0|500.0|0
020304322130|020304|200004|010402|01040203|21|30|23|29|2|1|650.0|0
020304332130|020304|200004|010402|01040203|21|30|23|29|2|2|500.0|0
020304412130|020304|200004|010402|01040203|21|30|23|29|3|0|500.0|0
020304422130|020304|200004|010402|01040203|21|30|23|29|3|1|650.0|0
020304432130|020304|200004|010402|01040203|21|30|23|29|3|2|500.0|0
020308111130|020308|196908|010402|01040203|11|30|12|59|0|0|500.0|0
020308121130|020308|196908|010402|01040203|11|30|12|59|0|1|630.0|0
020308131130|020308|196908|010402|01040203|11|30|12|59|0|2|500.0|0
020308211130|020308|196908|010402|01040203|11|30|12|59|1|0|500.0|0
020308221130|020308|196908|010402|01040203|11|30|12|59|1|1|650.0|0
020308231130|020308|196908|010402|01040203|11|30|12|59|1|2|500.0|0
020308311130|020308|196908|010402|01040203|11|30|12|59|2|0|500.0|0
020308321130|020308|196908|010402|01040203|11|30|12|59|2|1|650.0|0
020308331130|020308|196908|010402|01040203|11|30|12|59|2|2|500.0|0
020308411130|020308|196908|010402|01040203|11|30|12|59|3|0|500.0|0
020308421130|020308|196908|010402|01040203|11|30|12|59|3|1|650.0|0
020308431130|020308|196908|010402|01040203|11|30|12|59|3|2|500.0|0
020308111730|020308|196908|010402|01040203|17|30|18|59|0|0|500.0|0
020308121730|020308|196908|010402|01040203|17|30|18|59|0|1|630.0|0
020308131730|020308|196908|010402|01040203|17|30|18|59|0|2|500.0|0
020308211730|020308|196908|010402|01040203|17|30|18|59|1|0|500.0|0
020308221730|020308|196908|010402|01040203|17|30|18|59|1|1|650.0|0
020308231730|020308|196908|010402|01040203|17|30|18|59|1|2|500.0|0
020308311730|020308|196908|010402|01040203|17|30|18|59|2|0|500.0|0
020308321730|020308|196908|010402|01040203|17|30|18|59|2|1|650.0|0
020308331730|020308|196908|010402|01040203|17|30|18|59|2|2|500.0|0
020308411730|020308|196908|010402|01040203|17|30|18|59|3|0|500.0|0
020308421730|020308|196908|010402|01040203|17|30|18|59|3|1|650.0|0
020308431730|020308|196908|010402|01040203|17|30|18|59|3|2|500.0|0
0301021180|030102|201602|010403|01040301|8|0|10|59|0|0|1000.0|0
0301021280|030102|201602|010403|01040301|8|0|10|59|0|1|1500.0|0
0301021380|030102|201602|010403|01040301|8|0|10|59|0|2|1000.0|0
0301022180|030102|201602|010403|01040301|8|0|10|59|1|0|1000.0|0
0301022280|030102|201602|010403|01040301|8|0|10|59|1|1|1500.0|0
0301022380|030102|201602|010403|01040301|8|0|10|59|1|2|1000.0|0
0301023180|030102|201602|010403|01040301|8|0|10|59|2|0|1000.0|0
0301023280|030102|201602|010403|01040301|8|0|10|59|2|1|1500.0|0
0301023380|030102|201602|010403|01040301|8|0|10|59|2|2|1000.0|0
03010211140|030102|201602|010403|01040301|14|0|16|59|0|0|1000.0|0
03010212140|030102|201602|010403|01040301|14|0|16|59|0|1|1500.0|0
03010213140|030102|201602|010403|01040301|14|0|16|59|0|2|1000.0|0
03010221140|030102|201602|010403|01040301|14|0|16|59|1|0|1000.0|0
03010222140|030102|201602|010403|01040301|14|0|16|59|1|1|1500.0|0
03010223140|030102|201602|010403|01040301|14|0|16|59|1|2|1000.0|0
03010231140|030102|201602|010403|01040301|14|0|16|59|2|0|1000.0|0
03010232140|030102|201602|010403|01040301|14|0|16|59|2|1|1500.0|0
03010233140|030102|201602|010403|01040301|14|0|16|59|2|2|1000.0|0
03011011110|030110|201610|010403|01040301|11|0|13|59|0|0|1000.0|0
03011012110|030110|201610|010403|01040301|11|0|13|59|0|1|1500.0|0
03011013110|030110|201610|010403|01040301|11|0|13|59|0|2|1000.0|0
03011021110|030110|201610|010403|01040301|11|0|13|59|1|0|1000.0|0
03011022110|030110|201610|010403|01040301|11|0|13|59|1|1|1500.0|0
03011023110|030110|201610|010403|01040301|11|0|13|59|1|2|1000.0|0
03011031110|030110|201610|010403|01040301|11|0|13|59|2|0|1000.0|0
03011032110|030110|201610|010403|01040301|11|0|13|59|2|1|1500.0|0
03011033110|030110|201610|010403|01040301|11|0|13|59|2|2|1000.0|0
03011011170|030110|201610|010403|01040301|17|0|19|59|0|0|1000.0|0
03011012170|030110|201610|010403|01040301|17|0|19|59|0|1|1500.0|0
03011013170|030110|201610|010403|01040301|17|0|19|59|0|2|1000.0|0
03011021170|030110|201610|010403|01040301|17|0|19|59|1|0|1000.0|0
03011022170|030110|201610|010403|01040301|17|0|19|59|1|1|1500.0|0
03011023170|030110|201610|010403|01040301|17|0|19|59|1|2|1000.0|0
03011031170|030110|201610|010403|01040301|17|0|19|59|2|0|1000.0|0
03011032170|030110|201610|010403|01040301|17|0|19|59|2|1|1500.0|35240001
03011033170|030110|201610|010403|01040301|17|0|19|59|2|2|1000.0|0
03020911100|030209|199709|010403|01040302|10|0|12|29|0|0|950.0|0
03020912100|030209|199709|010403|01040302|10|0|12|29|0|1|950.0|0
03020913100|030209|199709|010403|01040302|10|0|12|29|0|2|950.0|0
03020921100|030209|199709|010403|01040302|10|0|12|29|1|0|950.0|0
03020922100|030209|199709|010403|01040302|10|0|12|29|1|1|1000.0|0
03020923100|030209|199709|010403|01040302|10|0|12|29|1|2|950.0|0
03020931100|030209|199709|010403|01040302|10|0|12|29|2|0|1000.0|0
03020932100|030209|199709|010403|01040302|10|0|12|29|2|1|1350.0|0
03020933100|030209|199709|010403|01040302|10|0|12|29|2|2|1000.0|0
03020941100|030209|199709|010403|01040302|10|0|12|29|3|0|1100.0|0
03020942100|030209|199709|010403|01040302|10|0|12|29|3|1|1350.0|0
03020943100|030209|199709|010403|01040302|10|0|12|29|3|2|1100.0|0
03020951100|030209|199709|010403|01040302|10|0|12|29|4|0|1100.0|0
03020952100|030209|199709|010403|01040302|10|0|12|29|4|1|1200.0|0
03020953100|030209|199709|010403|01040302|10|0|12|29|4|2|1100.0|0
030209111230|030209|199709|010403|01040302|12|30|14|59|0|0|950.0|0
030209121230|030209|199709|010403|01040302|12|30|14|59|0|1|950.0|0
030209131230|030209|199709|010403|01040302|12|30|14|59|0|2|950.0|0
030209211230|030209|199709|010403|01040302|12|30|14|59|1|0|950.0|0
030209221230|030209|199709|010403|01040302|12|30|14|59|1|1|1000.0|0
030209231230|030209|199709|010403|01040302|12|30|14|59|1|2|950.0|0
030209311230|030209|199709|010403|01040302|12|30|14|59|2|0|1000.0|0
030209321230|030209|199709|010403|01040302|12|30|14|59|2|1|1350.0|0
030209331230|030209|199709|010403|01040302|12|30|14|59|2|2|1000.0|0
030209411230|030209|199709|010403|01040302|12|30|14|59|3|0|1100.0|0
030209421230|030209|199709|010403|01040302|12|30|14|59|3|1|1350.0|0
030209431230|030209|199709|010403|01040302|12|30|14|59|3|2|1100.0|0
030209511230|030209|199709|010403|01040302|12|30|14|59|4|0|1100.0|0
030209521230|030209|199709|010403|01040302|12|30|14|59|4|1|1200.0|0
030209531230|030209|199709|010403|01040302|12|30|14|59|4|2|1100.0|0
03020911150|030209|199709|010403|01040302|15|0|17|29|0|0|950.0|0
03020912150|030209|199709|010403|01040302|15|0|17|29|0|1|950.0|0
03020913150|030209|199709|010403|01040302|15|0|17|29|0|2|950.0|0
03020921150|030209|199709|010403|01040302|15|0|17|29|1|0|950.0|0
03020922150|030209|199709|010403|01040302|15|0|17|29|1|1|1000.0|0
03020923150|030209|199709|010403|01040302|15|0|17|29|1|2|950.0|0
03020931150|030209|199709|010403|01040302|15|0|17|29|2|0|1000.0|0
03020932150|030209|199709|010403|01040302|15|0|17|29|2|1|1350.0|0
03020933150|030209|199709|010403|01040302|15|0|17|29|2|2|1000.0|0
03020941150|030209|199709|010403|01040302|15|0|17|29|3|0|1100.0|0
03020942150|030209|199709|010403|01040302|15|0|17|29|3|1|1350.0|0
03020943150|030209|199709|010403|01040302|15|0|17|29|3|2|1100.0|0
03020951150|030209|199709|010403|01040302|15|0|17|29|4|0|1100.0|0
03020952150|030209|199709|010403|01040302|15|0|17|29|4|1|1200.0|0
03020953150|030209|199709|010403|01040302|15|0|17|29|4|2|1100.0|0
030209111730|030209|199709|010403|01040302|17|30|19|59|0|0|950.0|0
030209121730|030209|199709|010403|01040302|17|30|19|59|0|1|950.0|0
030209131730|030209|199709|010403|01040302|17|30|19|59|0|2|950.0|0
030209211730|030209|199709|010403|01040302|17|30|19|59|1|0|950.0|0
030209221730|030209|199709|010403|01040302|17|30|19|59|1|1|1000.0|0
030209231730|030209|199709|010403|01040302|17|30|19|59|1|2|950.0|0
030209311730|030209|199709|010403|01040302|17|30|19|59|2|0|1000.0|0
030209321730|030209|199709|010403|01040302|17|30|19|59|2|1|1350.0|0
030209331730|030209|199709|010403|01040302|17|30|19|59|2|2|1000.0|0
030209411730|030209|199709|010403|01040302|17|30|19|59|3|0|1100.0|0
030209421730|030209|199709|010403|01040302|17|30|19|59|3|1|1350.0|0
030209431730|030209|199709|010403|01040302|17|30|19|59|3|2|1100.0|0
030209511730|030209|199709|010403|01040302|17|30|19|59|4|0|1100.0|0
030209521730|030209|199709|010403|01040302|17|30|19|59|4|1|1200.0|0
030209531730|030209|199709|010403|01040302|17|30|19|59|4|2|1100.0|0
03020911200|030209|199709|010403|01040302|20|0|22|29|0|0|950.0|0
03020912200|030209|199709|010403|01040302|20|0|22|29|0|1|950.0|0
03020913200|030209|199709|010403|01040302|20|0|22|29|0|2|950.0|0
03020921200|030209|199709|010403|01040302|20|0|22|29|1|0|950.0|0
03020922200|030209|199709|010403|01040302|20|0|22|29|1|1|1000.0|0
03020923200|030209|199709|010403|01040302|20|0|22|29|1|2|950.0|0
03020931200|030209|199709|010403|01040302|20|0|22|29|2|0|1000.0|0
03020932200|030209|199709|010403|01040302|20|0|22|29|2|1|1350.0|0
03020933200|030209|199709|010403|01040302|20|0|22|29|2|2|1000.0|0
03020941200|030209|199709|010403|01040302|20|0|22|29|3|0|1100.0|0
03020942200|030209|199709|010403|01040302|20|0|22|29|3|1|1350.0|0
03020943200|030209|199709|010403|01040302|20|0|22|29|3|2|1100.0|0
03020951200|030209|199709|010403|01040302|20|0|22|29|4|0|1100.0|0
03020952200|030209|199709|010403|01040302|20|0|22|29|4|1|1200.0|0
03020953200|030209|199709|010403|01040302|20|0|22|29|4|2|1100.0|0
03030211730|030302|201602|010403|01040303|7|30|10|29|0|0|400.0|0
03030212730|030302|201602|010403|01040303|7|30|10|29|0|1|550.0|0
03030213730|030302|201602|010403|01040303|7|30|10|29|0|2|650.0|0
03030214730|030302|201602|010403|01040303|7|30|10|29|0|3|550.0|0
03030215730|030302|201602|010403|01040303|7|30|10|29|0|4|400.0|0
03030221730|030302|201602|010403|01040303|7|30|10|29|1|0|400.0|0
03030222730|030302|201602|010403|01040303|7|30|10|29|1|1|550.0|0
03030223730|030302|201602|010403|01040303|7|30|10|29|1|2|650.0|0
03030224730|030302|201602|010403|01040303|7|30|10|29|1|3|550.0|0
03030225730|030302|201602|010403|01040303|7|30|10|29|1|4|400.0|0
03030231730|030302|201602|010403|01040303|7|30|10|29|2|0|400.0|0
03030232730|030302|201602|010403|01040303|7|30|10|29|2|1|550.0|0
03030233730|030302|201602|010403|01040303|7|30|10|29|2|2|650.0|0
03030234730|030302|201602|010403|01040303|7|30|10|29|2|3|550.0|0
03030235730|030302|201602|010403|01040303|7|30|10|29|2|4|400.0|0
03030241730|030302|201602|010403|01040303|7|30|10|29|3|0|400.0|0
03030242730|030302|201602|010403|01040303|7|30|10|29|3|1|550.0|0
03030243730|030302|201602|010403|01040303|7|30|10|29|3|2|650.0|0
03030244730|030302|201602|010403|01040303|7|30|10|29|3|3|550.0|0
03030245730|030302|201602|010403|01040303|7|30|10|29|3|4|400.0|0
03030251730|030302|201602|010403|01040303|7|30|10|29|4|0|400.0|0
03030252730|030302|201602|010403|01040303|7|30|10|29|4|1|550.0|0
03030253730|030302|201602|010403|01040303|7|30|10|29|4|2|650.0|0
03030254730|030302|201602|010403|01040303|7|30|10|29|4|3|550.0|0
03030255730|030302|201602|010403|01040303|7|30|10|29|4|4|400.0|0
03030211210|030302|201602|010403|01040303|21|0|23|59|0|0|400.0|0
03030212210|030302|201602|010403|01040303|21|0|23|59|0|1|550.0|0
03030213210|030302|201602|010403|01040303|21|0|23|59|0|2|650.0|0
03030214210|030302|201602|010403|01040303|21|0|23|59|0|3|550.0|0
03030215210|030302|201602|010403|01040303|21|0|23|59|0|4|400.0|0
03030221210|030302|201602|010403|01040303|21|0|23|59|1|0|400.0|0
03030222210|030302|201602|010403|01040303|21|0|23|59|1|1|550.0|0
03030223210|030302|201602|010403|01040303|21|0|23|59|1|2|650.0|0
03030224210|030302|201602|010403|01040303|21|0|23|59|1|3|550.0|0
03030225210|030302|201602|010403|01040303|21|0|23|59|1|4|400.0|0
03030231210|030302|201602|010403|01040303|21|0|23|59|2|0|400.0|0
03030232210|030302|201602|010403|01040303|21|0|23|59|2|1|550.0|0
03030233210|030302|201602|010403|01040303|21|0|23|59|2|2|650.0|0
03030234210|030302|201602|010403|01040303|21|0|23|59|2|3|550.0|0
03030235210|030302|201602|010403|01040303|21|0|23|59|2|4|400.0|0
03030241210|030302|201602|010403|01040303|21|0|23|59|3|0|400.0|0
03030242210|030302|201602|010403|01040303|21|0|23|59|3|1|550.0|0
03030243210|030302|201602|010403|01040303|21|0|23|59|3|2|650.0|0
03030244210|030302|201602|010403|01040303|21|0|23|59|3|3|550.0|0
03030245210|030302|201602|010403|01040303|21|0|23|59|3|4|400.0|0
03030251210|030302|201602|010403|01040303|21|0|23|59|4|0|400.0|0
03030252210|030302|201602|010403|01040303|21|0|23|59|4|1|550.0|0
03030253210|030302|201602|010403|01040303|21|0|23|59|4|2|650.0|0
03030254210|030302|201602|010403|01040303|21|0|23|59|4|3|550.0|0
03030255210|030302|201602|010403|01040303|21|0|23|59|4|4|400.0|0
030303111030|030303|201803|010403|01040303|10|30|12|59|0|0|400.0|0
030303121030|030303|201803|010403|01040303|10|30|12|59|0|1|550.0|0
030303131030|030303|201803|010403|01040303|10|30|12|59|0|2|650.0|0
030303141030|030303|201803|010403|01040303|10|30|12|59|0|3|550.0|0
030303151030|030303|201803|010403|01040303|10|30|12|59|0|4|400.0|0
030303211030|030303|201803|010403|01040303|10|30|12|59|1|0|400.0|0
030303221030|030303|201803|010403|01040303|10|30|12|59|1|1|550.0|0
030303231030|030303|201803|010403|01040303|10|30|12|59|1|2|650.0|0
030303241030|030303|201803|010403|01040303|10|30|12|59|1|3|550.0|0
030303251030|030303|201803|010403|01040303|10|30|12|59|1|4|400.0|0
030303311030|030303|201803|010403|01040303|10|30|12|59|2|0|400.0|0
030303321030|030303|201803|010403|01040303|10|30|12|59|2|1|550.0|0
030303331030|030303|201803|010403|01040303|10|30|12|59|2|2|650.0|0
030303341030|030303|201803|010403|01040303|10|30|12|59|2|3|550.0|0
030303351030|030303|201803|010403|01040303|10|30|12|59|2|4|400.0|0
030303411030|030303|201803|010403|01040303|10|30|12|59|3|0|400.0|0
030303421030|030303|201803|010403|01040303|10|30|12|59|3|1|550.0|0
030303431030|030303|201803|010403|01040303|10|30|12|59|3|2|650.0|0
030303441030|030303|201803|010403|01040303|10|30|12|59|3|3|550.0|0
030303451030|030303|201803|010403|01040303|10|30|12|59|3|4|400.0|0
030303511030|030303|201803|010403|01040303|10|30|12|59|4|0|400.0|0
030303521030|030303|201803|010403|01040303|10|30|12|59|4|1|550.0|0
030303531030|030303|201803|010403|01040303|10|30|12|59|4|2|650.0|0
030303541030|030303|201803|010403|01040303|10|30|12|59|4|3|550.0|0
030303551030|030303|201803|010403|01040303|10|30|12|59|4|4|400.0|0
030303111830|030303|201803|010403|01040303|18|30|20|59|0|0|400.0|0
030303121830|030303|201803|010403|01040303|18|30|20|59|0|1|550.0|0
030303131830|030303|201803|010403|01040303|18|30|20|59|0|2|650.0|0
030303141830|030303|201803|010403|01040303|18|30|20|59|0|3|550.0|0
030303151830|030303|201803|010403|01040303|18|30|20|59|0|4|400.0|0
030303211830|030303|201803|010403|01040303|18|30|20|59|1|0|400.0|0
030303221830|030303|201803|010403|01040303|18|30|20|59|1|1|550.0|0
030303231830|030303|201803|010403|01040303|18|30|20|59|1|2|650.0|0
030303241830|030303|201803|010403|01040303|18|30|20|59|1|3|550.0|0
030303251830|030303|201803|010403|01040303|18|30|20|59|1|4|400.0|0
030303311830|030303|201803|010403|01040303|18|30|20|59|2|0|400.0|0
030303321830|030303|201803|010403|01040303|18|30|20|59|2|1|550.0|0
030303331830|030303|201803|010403|01040303|18|30|20|59|2|2|650.0|0
030303341830|030303|201803|010403|01040303|18|30|20|59|2|3|550.0|0
030303351830|030303|201803|010403|01040303|18|30|20|59|2|4|400.0|0
030303411830|030303|201803|010403|01040303|18|30|20|59|3|0|400.0|0
030303421830|030303|201803|010403|01040303|18|30|20|59|3|1|550.0|0
030303431830|030303|201803|010403|01040303|18|30|20|59|3|2|650.0|0
030303441830|030303|201803|010403|01040303|18|30|20|59|3|3|550.0|0
030303451830|030303|201803|010403|01040303|18|30|20|59|3|4|400.0|0
030303511830|030303|201803|010403|01040303|18|30|20|59|4|0|400.0|0
030303521830|030303|201803|010403|01040303|18|30|20|59|4|1|550.0|0
030303531830|030303|201803|010403|01040303|18|30|20|59|4|2|650.0|0
030303541830|030303|201803|010403|01040303|18|30|20|59|4|3|550.0|0
030303551830|030303|201803|010403|01040303|18|30|20|59|4|4|400.0|0
0401041180|040104|200004|150404|15040401|8|0|9|59|0|0|500.0|0
0401041280|040104|200004|150404|15040401|8|0|9|59|0|1|500.0|0
0401041380|040104|200004|150404|15040401|8|0|9|59|0|2|850.0|0
0401041480|040104|200004|150404|15040401|8|0|9|59|0|3|850.0|0
0401041580|040104|200004|150404|15040401|8|0|9|59|0|4|500.0|0
0401041680|040104|200004|150404|15040401|8|0|9|59|0|5|500.0|0
0401042180|040104|200004|150404|15040401|8|0|9|59|1|0|500.0|0
0401042280|040104|200004|150404|15040401|8|0|9|59|1|1|500.0|0
0401042380|040104|200004|150404|15040401|8|0|9|59|1|2|850.0|0
0401042480|040104|200004|150404|15040401|8|0|9|59|1|3|850.0|0
0401042580|040104|200004|150404|15040401|8|0|9|59|1|4|500.0|0
0401042680|040104|200004|150404|15040401|8|0|9|59|1|5|500.0|0
0401043180|040104|200004|150404|15040401|8|0|9|59|2|0|500.0|0
0401043280|040104|200004|150404|15040401|8|0|9|59|2|1|500.0|0
0401043380|040104|200004|150404|15040401|8|0|9|59|2|2|850.0|0
0401043480|040104|200004|150404|15040401|8|0|9|59|2|3|850.0|0
0401043580|040104|200004|150404|15040401|8|0|9|59|2|4|500.0|0
0401043680|040104|200004|150404|15040401|8|0|9|59|2|5|500.0|0
0401044180|040104|200004|150404|15040401|8|0|9|59|3|0|500.0|0
0401044280|040104|200004|150404|15040401|8|0|9|59|3|1|500.0|0
0401044380|040104|200004|150404|15040401|8|0|9|59|3|2|850.0|0
0401044480|040104|200004|150404|15040401|8|0|9|59|3|3|850.0|0
0401044580|040104|200004|150404|15040401|8|0|9|59|3|4|500.0|0
0401044680|040104|200004|150404|15040401|8|0|9|59|3|5|500.0|0
04010411160|040104|200004|150404|15040401|16|0|17|59|0|0|500.0|0
04010412160|040104|200004|150404|15040401|16|0|17|59|0|1|500.0|0
04010413160|040104|200004|150404|15040401|16|0|17|59|0|2|850.0|0
04010414160|040104|200004|150404|15040401|16|0|17|59|0|3|850.0|0
04010415160|040104|200004|150404|15040401|16|0|17|59|0|4|500.0|0
04010416160|040104|200004|150404|15040401|16|0|17|59|0|5|500.0|0
04010421160|040104|200004|150404|15040401|16|0|17|59|1|0|500.0|0
04010422160|040104|200004|150404|15040401|16|0|17|59|1|1|500.0|0
04010423160|040104|200004|150404|15040401|16|0|17|59|1|2|850.0|0
04010424160|040104|200004|150404|15040401|16|0|17|59|1|3|850.0|0
04010425160|040104|200004|150404|15040401|16|0|17|59|1|4|500.0|0
04010426160|040104|200004|150404|15040401|16|0|17|59|1|5|500.0|0
04010431160|040104|200004|150404|15040401|16|0|17|59|2|0|500.0|0
04010432160|040104|200004|150404|15040401|16|0|17|59|2|1|500.0|0
04010433160|040104|200004|150404|15040401|16|0|17|59|2|2|850.0|0
04010434160|040104|200004|150404|15040401|16|0|17|59|2|3|850.0|0
04010435160|040104|200004|150404|15040401|16|0|17|59|2|4|500.0|0
04010436160|040104|200004|150404|15040401|16|0|17|59|2|5|500.0|0
04010441160|040104|200004|150404|15040401|16|0|17|59|3|0|500.0|0
04010442160|040104|200004|150404|15040401|16|0|17|59|3|1|500.0|0
04010443160|040104|200004|150404|15040401|16|0|17|59|3|2|850.0|0
04010444160|040104|200004|150404|15040401|16|0|17|59|3|3|850.0|0
04010445160|040104|200004|150404|15040401|16|0|17|59|3|4|500.0|0
04010446160|040104|200004|150404|15040401|16|0|17|59|3|5|500.0|0
04010711100|040107|200107|150404|15040401|10|0|11|29|0|0|500.0|0
04010712100|040107|200107|150404|15040401|10|0|11|29|0|1|500.0|0
04010713100|040107|200107|150404|15040401|10|0|11|29|0|2|850.0|0
04010714100|040107|200107|150404|15040401|10|0|11|29|0|3|850.0|0
04010715100|040107|200107|150404|15040401|10|0|11|29|0|4|500.0|0
04010716100|040107|200107|150404|15040401|10|0|11|29|0|5|500.0|0
04010721100|040107|200107|150404|15040401|10|0|11|29|1|0|500.0|0
04010722100|040107|200107|150404|15040401|10|0|11|29|1|1|500.0|0
04010723100|040107|200107|150404|15040401|10|0|11|29|1|2|850.0|0
04010724100|040107|200107|150404|15040401|10|0|11|29|1|3|850.0|0
04010725100|040107|200107|150404|15040401|10|0|11|29|1|4|500.0|0
04010726100|040107|200107|150404|15040401|10|0|11|29|1|5|500.0|0
04010731100|040107|200107|150404|15040401|10|0|11|29|2|0|500.0|0
04010732100|040107|200107|150404|15040401|10|0|11|29|2|1|500.0|0
04010733100|040107|200107|150404|15040401|10|0|11|29|2|2|850.0|0
04010734100|040107|200107|150404|15040401|10|0|11|29|2|3|850.0|0
04010735100|040107|200107|150404|15040401|10|0|11|29|2|4|500.0|0
04010736100|040107|200107|150404|15040401|10|0|11|29|2|5|500.0|0
04010741100|040107|200107|150404|15040401|10|0|11|29|3|0|500.0|0
04010742100|040107|200107|150404|15040401|10|0|11|29|3|1|500.0|0
04010743100|040107|200107|150404|15040401|10|0|11|29|3|2|850.0|0
04010744100|040107|200107|150404|15040401|10|0|11|29|3|3|850.0|0
04010745100|040107|200107|150404|15040401|10|0|11|29|3|4|500.0|0
04010746100|040107|200107|150404|15040401|10|0|11|29|3|5|500.0|0
04010711130|040107|200107|150404|15040401|13|0|14|29|0|0|500.0|0
04010712130|040107|200107|150404|15040401|13|0|14|29|0|1|500.0|0
04010713130|040107|200107|150404|15040401|13|0|14|29|0|2|850.0|0
04010714130|040107|200107|150404|15040401|13|0|14|29|0|3|850.0|0
04010715130|040107|200107|150404|15040401|13|0|14|29|0|4|500.0|0
04010716130|040107|200107|150404|15040401|13|0|14|29|0|5|500.0|0
04010721130|040107|200107|150404|15040401|13|0|14|29|1|0|500.0|0
04010722130|040107|200107|150404|15040401|13|0|14|29|1|1|500.0|0
04010723130|040107|200107|150404|15040401|13|0|14|29|1|2|850.0|0
04010724130|040107|200107|150404|15040401|13|0|14|29|1|3|850.0|0
04010725130|040107|200107|150404|15040401|13|0|14|29|1|4|500.0|0
04010726130|040107|200107|150404|15040401|13|0|14|29|1|5|500.0|0
04010731130|040107|200107|150404|15040401|13|0|14|29|2|0|500.0|0
04010732130|040107|200107|150404|15040401|13|0|14|29|2|1|500.0|0
04010733130|040107|200107|150404|15040401|13|0|14|29|2|2|850.0|0
04010734130|040107|200107|150404|15040401|13|0|14|29|2|3|850.0|0
04010735130|040107|200107|150404|15040401|13|0|14|29|2|4|500.0|0
04010736130|040107|200107|150404|15040401|13|0|14|29|2|5|500.0|0
04010741130|040107|200107|150404|15040401|13|0|14|29|3|0|500.0|0
04010742130|040107|200107|150404|15040401|13|0|14|29|3|1|500.0|0
04010743130|040107|200107|150404|15040401|13|0|14|29|3|2|850.0|0
04010744130|040107|200107|150404|15040401|13|0|14|29|3|3|850.0|0
04010745130|040107|200107|150404|15040401|13|0|14|29|3|4|500.0|0
04010746130|040107|200107|150404|15040401|13|0|14|29|3|5|500.0|0
04010711180|040107|200107|150404|15040401|18|0|19|29|0|0|500.0|0
04010712180|040107|200107|150404|15040401|18|0|19|29|0|1|500.0|0
04010713180|040107|200107|150404|15040401|18|0|19|29|0|2|850.0|0
04010714180|040107|200107|150404|15040401|18|0|19|29|0|3|850.0|0
04010715180|040107|200107|150404|15040401|18|0|19|29|0|4|500.0|0
04010716180|040107|200107|150404|15040401|18|0|19|29|0|5|500.0|0
04010721180|040107|200107|150404|15040401|18|0|19|29|1|0|500.0|0
04010722180|040107|200107|150404|15040401|18|0|19|29|1|1|500.0|0
04010723180|040107|200107|150404|15040401|18|0|19|29|1|2|850.0|0
04010724180|040107|200107|150404|15040401|18|0|19|29|1|3|850.0|0
04010725180|040107|200107|150404|15040401|18|0|19|29|1|4|500.0|0
04010726180|040107|200107|150404|15040401|18|0|19|29|1|5|500.0|0
04010731180|040107|200107|150404|15040401|18|0|19|29|2|0|500.0|0
04010732180|040107|200107|150404|15040401|18|0|19|29|2|1|500.0|0
04010733180|040107|200107|150404|15040401|18|0|19|29|2|2|850.0|0
04010734180|040107|200107|150404|15040401|18|0|19|29|2|3|850.0|0
04010735180|040107|200107|150404|15040401|18|0|19|29|2|4|500.0|0
04010736180|040107|200107|150404|15040401|18|0|19|29|2|5|500.0|0
04010741180|040107|200107|150404|15040401|18|0|19|29|3|0|500.0|0
04010742180|040107|200107|150404|15040401|18|0|19|29|3|1|500.0|0
04010743180|040107|200107|150404|15040401|18|0|19|29|3|2|850.0|0
04010744180|040107|200107|150404|15040401|18|0|19|29|3|3|850.0|0
04010745180|040107|200107|150404|15040401|18|0|19|29|3|4|500.0|0
04010746180|040107|200107|150404|15040401|18|0|19|29|3|5|500.0|0
040108111130|040108|196908|150404|15040401|11|30|12|59|0|0|500.0|0
040108121130|040108|196908|150404|15040401|11|30|12|59|0|1|500.0|0
040108131130|040108|196908|150404|15040401|11|30|12|59|0|2|850.0|0
040108141130|040108|196908|150404|15040401|11|30|12|59|0|3|850.0|0
040108151130|040108|196908|150404|15040401|11|30|12|59|0|4|500.0|0
040108161130|040108|196908|150404|15040401|11|30|12|59|0|5|500.0|0
040108211130|040108|196908|150404|15040401|11|30|12|59|1|0|500.0|0
040108221130|040108|196908|150404|15040401|11|30|12|59|1|1|500.0|0
040108231130|040108|196908|150404|15040401|11|30|12|59|1|2|850.0|0
040108241130|040108|196908|150404|15040401|11|30|12|59|1|3|850.0|0
040108251130|040108|196908|150404|15040401|11|30|12|59|1|4|500.0|0
040108261130|040108|196908|150404|15040401|11|30|12|59|1|5|500.0|0
040108311130|040108|196908|150404|15040401|11|30|12|59|2|0|500.0|0
040108321130|040108|196908|150404|15040401|11|30|12|59|2|1|500.0|0
040108331130|040108|196908|150404|15040401|11|30|12|59|2|2|850.0|0
040108341130|040108|196908|150404|15040401|11|30|12|59|2|3|850.0|0
040108351130|040108|196908|150404|15040401|11|30|12|59|2|4|500.0|0
040108361130|040108|196908|150404|15040401|11|30|12|59|2|5|500.0|0
040108411130|040108|196908|150404|15040401|11|30|12|59|3|0|500.0|0
040108421130|040108|196908|150404|15040401|11|30|12|59|3|1|500.0|0
040108431130|040108|196908|150404|15040401|11|30|12|59|3|2|850.0|0
040108441130|040108|196908|150404|15040401|11|30|12|59|3|3|850.0|0
040108451130|040108|196908|150404|15040401|11|30|12|59|3|4|500.0|0
040108461130|040108|196908|150404|15040401|11|30|12|59|3|5|500.0|0
040108111430|040108|196908|150404|15040401|14|30|15|59|0|0|500.0|0
040108121430|040108|196908|150404|15040401|14|30|15|59|0|1|500.0|0
040108131430|040108|196908|150404|15040401|14|30|15|59|0|2|850.0|0
040108141430|040108|196908|150404|15040401|14|30|15|59|0|3|850.0|0
040108151430|040108|196908|150404|15040401|14|30|15|59|0|4|500.0|0
040108161430|040108|196908|150404|15040401|14|30|15|59|0|5|500.0|0
040108211430|040108|196908|150404|15040401|14|30|15|59|1|0|500.0|0
040108221430|040108|196908|150404|15040401|14|30|15|59|1|1|500.0|0
040108231430|040108|196908|150404|15040401|14|30|15|59|1|2|850.0|0
040108241430|040108|196908|150404|15040401|14|30|15|59|1|3|850.0|0
040108251430|040108|196908|150404|15040401|14|30|15|59|1|4|500.0|0
040108261430|040108|196908|150404|15040401|14|30|15|59|1|5|500.0|0
040108311430|040108|196908|150404|15040401|14|30|15|59|2|0|500.0|0
040108321430|040108|196908|150404|15040401|14|30|15|59|2|1|500.0|0
040108331430|040108|196908|150404|15040401|14|30|15|59|2|2|850.0|0
040108341430|040108|196908|150404|15040401|14|30|15|59|2|3|850.0|0
040108351430|040108|196908|150404|15040401|14|30|15|59|2|4|500.0|0
040108361430|040108|196908|150404|15040401|14|30|15|59|2|5|500.0|0
040108411430|040108|196908|150404|15040401|14|30|15|59|3|0|500.0|0
040108421430|040108|196908|150404|15040401|14|30|15|59|3|1|500.0|0
040108431430|040108|196908|150404|15040401|14|30|15|59|3|2|850.0|0
040108441430|040108|196908|150404|15040401|14|30|15|59|3|3|850.0|0
040108451430|040108|196908|150404|15040401|14|30|15|59|3|4|500.0|0
040108461430|040108|196908|150404|15040401|14|30|15|59|3|5|500.0|0
050101111730|050101|202101|020505|02050501|17|30|19|59|0|0|1000.0|0
050101121730|050101|202101|020505|02050501|17|30|19|59|0|1|1200.0|0
050101131730|050101|202101|020505|02050501|17|30|19|59|0|2|1500.0|0
050101141730|050101|202101|020505|02050501|17|30|19|59|0|3|1500.0|0
050101151730|050101|202101|020505|02050501|17|30|19|59|0|4|1500.0|0
050101161730|050101|202101|020505|02050501|17|30|19|59|0|5|1200.0|0
050101171730|050101|202101|020505|02050501|17|30|19|59|0|6|1000.0|0
050101211730|050101|202101|020505|02050501|17|30|19|59|1|0|1000.0|0
050101221730|050101|202101|020505|02050501|17|30|19|59|1|1|1200.0|0
050101231730|050101|202101|020505|02050501|17|30|19|59|1|2|1500.0|0
050101241730|050101|202101|020505|02050501|17|30|19|59|1|3|1500.0|0
050101251730|050101|202101|020505|02050501|17|30|19|59|1|4|1500.0|0
050101261730|050101|202101|020505|02050501|17|30|19|59|1|5|1200.0|0
050101271730|050101|202101|020505|02050501|17|30|19|59|1|6|1000.0|0
050101311730|050101|202101|020505|02050501|17|30|19|59|2|0|1000.0|0
050101321730|050101|202101|020505|02050501|17|30|19|59|2|1|1200.0|0
050101331730|050101|202101|020505|02050501|17|30|19|59|2|2|1500.0|0
050101341730|050101|202101|020505|02050501|17|30|19|59|2|3|1500.0|0
050101351730|050101|202101|020505|02050501|17|30|19|59|2|4|1500.0|0
050101361730|050101|202101|020505|02050501|17|30|19|59|2|5|1200.0|0
050101371730|050101|202101|020505|02050501|17|30|19|59|2|6|1000.0|0
050101411730|050101|202101|020505|02050501|17|30|19|59|3|0|1000.0|0
050101421730|050101|202101|020505|02050501|17|30|19|59|3|1|1200.0|0
050101431730|050101|202101|020505|02050501|17|30|19|59|3|2|1500.0|0
050101441730|050101|202101|020505|02050501|17|30|19|59|3|3|1500.0|0
050101451730|050101|202101|020505|02050501|17|30|19|59|3|4|1500.0|0
050101461730|050101|202101|020505|02050501|17|30|19|59|3|5|1200.0|0
050101471730|050101|202101|020505|02050501|17|30|19|59|3|6|1000.0|0
0501051170|050105|200805|020505|02050501|7|0|8|59|0|0|1000.0|0
0501051270|050105|200805|020505|02050501|7|0|8|59|0|1|1200.0|0
0501051370|050105|200805|020505|02050501|7|0|8|59|0|2|1500.0|0
0501051470|050105|200805|020505|02050501|7|0|8|59|0|3|1500.0|0
0501051570|050105|200805|020505|02050501|7|0|8|59|0|4|1500.0|0
0501051670|050105|200805|020505|02050501|7|0|8|59|0|5|1200.0|0
0501051770|050105|200805|020505|02050501|7|0|8|59|0|6|1000.0|0
0501052170|050105|200805|020505|02050501|7|0|8|59|1|0|1000.0|0
0501052270|050105|200805|020505|02050501|7|0|8|59|1|1|1200.0|0
0501052370|050105|200805|020505|02050501|7|0|8|59|1|2|1500.0|0
0501052470|050105|200805|020505|02050501|7|0|8|59|1|3|1500.0|0
0501052570|050105|200805|020505|02050501|7|0|8|59|1|4|1500.0|0
0501052670|050105|200805|020505|02050501|7|0|8|59|1|5|1200.0|0
0501052770|050105|200805|020505|02050501|7|0|8|59|1|6|1000.0|0
0501053170|050105|200805|020505|02050501|7|0|8|59|2|0|1000.0|0
0501053270|050105|200805|020505|02050501|7|0|8|59|2|1|1200.0|0
0501053370|050105|200805|020505|02050501|7|0|8|59|2|2|1500.0|0
0501053470|050105|200805|020505|02050501|7|0|8|59|2|3|1500.0|0
0501053570|050105|200805|020505|02050501|7|0|8|59|2|4|1500.0|0
0501053670|050105|200805|020505|02050501|7|0|8|59|2|5|1200.0|0
0501053770|050105|200805|020505|02050501|7|0|8|59|2|6|1000.0|0
0501054170|050105|200805|020505|02050501|7|0|8|59|3|0|1000.0|0
0501054270|050105|200805|020505|02050501|7|0|8|59|3|1|1200.0|0
0501054370|050105|200805|020505|02050501|7|0|8|59|3|2|1500.0|0
0501054470|050105|200805|020505|02050501|7|0|8|59|3|3|1500.0|0
0501054570|050105|200805|020505|02050501|7|0|8|59|3|4|1500.0|0
0501054670|050105|200805|020505|02050501|7|0|8|59|3|5|1200.0|0
0501054770|050105|200805|020505|02050501|7|0|8|59|3|6|1000.0|0
05010511200|050105|200805|020505|02050501|20|0|21|59|0|0|1000.0|0
05010512200|050105|200805|020505|02050501|20|0|21|59|0|1|1200.0|0
05010513200|050105|200805|020505|02050501|20|0|21|59|0|2|1500.0|0
05010514200|050105|200805|020505|02050501|20|0|21|59|0|3|1500.0|0
05010515200|050105|200805|020505|02050501|20|0|21|59|0|4|1500.0|0
05010516200|050105|200805|020505|02050501|20|0|21|59|0|5|1200.0|0
05010517200|050105|200805|020505|02050501|20|0|21|59|0|6|1000.0|0
05010521200|050105|200805|020505|02050501|20|0|21|59|1|0|1000.0|0
05010522200|050105|200805|020505|02050501|20|0|21|59|1|1|1200.0|0
05010523200|050105|200805|020505|02050501|20|0|21|59|1|2|1500.0|0
05010524200|050105|200805|020505|02050501|20|0|21|59|1|3|1500.0|0
05010525200|050105|200805|020505|02050501|20|0|21|59|1|4|1500.0|0
05010526200|050105|200805|020505|02050501|20|0|21|59|1|5|1200.0|0
05010527200|050105|200805|020505|02050501|20|0|21|59|1|6|1000.0|0
05010531200|050105|200805|020505|02050501|20|0|21|59|2|0|1000.0|0
05010532200|050105|200805|020505|02050501|20|0|21|59|2|1|1200.0|0
05010533200|050105|200805|020505|02050501|20|0|21|59|2|2|1500.0|0
05010534200|050105|200805|020505|02050501|20|0|21|59|2|3|1500.0|0
05010535200|050105|200805|020505|02050501|20|0|21|59|2|4|1500.0|0
05010536200|050105|200805|020505|02050501|20|0|21|59|2|5|1200.0|0
05010537200|050105|200805|020505|02050501|20|0|21|59|2|6|1000.0|0
05010541200|050105|200805|020505|02050501|20|0|21|59|3|0|1000.0|0
05010542200|050105|200805|020505|02050501|20|0|21|59|3|1|1200.0|0
05010543200|050105|200805|020505|02050501|20|0|21|59|3|2|1500.0|0
05010544200|050105|200805|020505|02050501|20|0|21|59|3|3|1500.0|0
05010545200|050105|200805|020505|02050501|20|0|21|59|3|4|1500.0|0
05010546200|050105|200805|020505|02050501|20|0|21|59|3|5|1200.0|0
05010547200|050105|200805|020505|02050501|20|0|21|59|3|6|1000.0|0
0501061190|050106|200106|020505|02050501|9|0|10|59|0|0|1000.0|0
0501061290|050106|200106|020505|02050501|9|0|10|59|0|1|1200.0|0
0501061390|050106|200106|020505|02050501|9|0|10|59|0|2|1500.0|0
0501061490|050106|200106|020505|02050501|9|0|10|59|0|3|1500.0|0
0501061590|050106|200106|020505|02050501|9|0|10|59|0|4|1500.0|0
0501061690|050106|200106|020505|02050501|9|0|10|59|0|5|1200.0|0
0501061790|050106|200106|020505|02050501|9|0|10|59|0|6|1000.0|0
0501062190|050106|200106|020505|02050501|9|0|10|59|1|0|1000.0|0
0501062290|050106|200106|020505|02050501|9|0|10|59|1|1|1200.0|0
0501062390|050106|200106|020505|02050501|9|0|10|59|1|2|1500.0|0
0501062490|050106|200106|020505|02050501|9|0|10|59|1|3|1500.0|0
0501062590|050106|200106|020505|02050501|9|0|10|59|1|4|1500.0|0
0501062690|050106|200106|020505|02050501|9|0|10|59|1|5|1200.0|0
0501062790|050106|200106|020505|02050501|9|0|10|59|1|6|1000.0|0
0501063190|050106|200106|020505|02050501|9|0|10|59|2|0|1000.0|0
0501063290|050106|200106|020505|02050501|9|0|10|59|2|1|1200.0|0
0501063390|050106|200106|020505|02050501|9|0|10|59|2|2|1500.0|0
0501063490|050106|200106|020505|02050501|9|0|10|59|2|3|1500.0|0
0501063590|050106|200106|020505|02050501|9|0|10|59|2|4|1500.0|0
0501063690|050106|200106|020505|02050501|9|0|10|59|2|5|1200.0|0
0501063790|050106|200106|020505|02050501|9|0|10|59|2|6|1000.0|0
0501064190|050106|200106|020505|02050501|9|0|10|59|3|0|1000.0|0
0501064290|050106|200106|020505|02050501|9|0|10|59|3|1|1200.0|0
0501064390|050106|200106|020505|02050501|9|0|10|59|3|2|1500.0|0
0501064490|050106|200106|020505|02050501|9|0|10|59|3|3|1500.0|0
0501064590|050106|200106|020505|02050501|9|0|10|59|3|4|1500.0|0
0501064690|050106|200106|020505|02050501|9|0|10|59|3|5|1200.0|0
0501064790|050106|200106|020505|02050501|9|0|10|59|3|6|1000.0|0
05010611220|050106|200106|020505|02050501|22|0|23|59|0|0|1000.0|0
05010612220|050106|200106|020505|02050501|22|0|23|59|0|1|1200.0|0
05010613220|050106|200106|020505|02050501|22|0|23|59|0|2|1500.0|0
05010614220|050106|200106|020505|02050501|22|0|23|59|0|3|1500.0|0
05010615220|050106|200106|020505|02050501|22|0|23|59|0|4|1500.0|0
05010616220|050106|200106|020505|02050501|22|0|23|59|0|5|1200.0|0
05010617220|050106|200106|020505|02050501|22|0|23|59|0|6|1000.0|0
05010621220|050106|200106|020505|02050501|22|0|23|59|1|0|1000.0|0
05010622220|050106|200106|020505|02050501|22|0|23|59|1|1|1200.0|0
05010623220|050106|200106|020505|02050501|22|0|23|59|1|2|1500.0|0
05010624220|050106|200106|020505|02050501|22|0|23|59|1|3|1500.0|0
05010625220|050106|200106|020505|02050501|22|0|23|59|1|4|1500.0|0
05010626220|050106|200106|020505|02050501|22|0|23|59|1|5|1200.0|0
05010627220|050106|200106|020505|02050501|22|0|23|59|1|6|1000.0|0
05010631220|050106|200106|020505|02050501|22|0|23|59|2|0|1000.0|0
05010632220|050106|200106|020505|02050501|22|0|23|59|2|1|1200.0|0
05010633220|050106|200106|020505|02050501|22|0|23|59|2|2|1500.0|0
05010634220|050106|200106|020505|02050501|22|0|23|59|2|3|1500.0|0
05010635220|050106|200106|020505|02050501|22|0|23|59|2|4|1500.0|0
05010636220|050106|200106|020505|02050501|22|0|23|59|2|5|1200.0|0
05010637220|050106|200106|020505|02050501|22|0|23|59|2|6|1000.0|0
05010641220|050106|200106|020505|02050501|22|0|23|59|3|0|1000.0|0
05010642220|050106|200106|020505|02050501|22|0|23|59|3|1|1200.0|0
05010643220|050106|200106|020505|02050501|22|0|23|59|3|2|1500.0|0
05010644220|050106|200106|020505|02050501|22|0|23|59|3|3|1500.0|0
05010645220|050106|200106|020505|02050501|22|0|23|59|3|4|1500.0|0
05010646220|050106|200106|020505|02050501|22|0|23|59|3|5|1200.0|0
05010647220|050106|200106|020505|02050501|22|0|23|59|3|6|1000.0|0
050105111419|050105|200805|020505|02050501|14|19|16|18|0|0|1000.0|0
050105121419|050105|200805|020505|02050501|14|19|16|18|0|1|1200.0|0
050105131419|050105|200805|020505|02050501|14|19|16|18|0|2|1500.0|0
050105141419|050105|200805|020505|02050501|14|19|16|18|0|3|1500.0|0
050105151419|050105|200805|020505|02050501|14|19|16|18|0|4|1500.0|0
050105161419|050105|200805|020505|02050501|14|19|16|18|0|5|1200.0|0
050105171419|050105|200805|020505|02050501|14|19|16|18|0|6|1000.0|0
050105211419|050105|200805|020505|02050501|14|19|16|18|1|0|1000.0|0
050105221419|050105|200805|020505|02050501|14|19|16|18|1|1|1200.0|0
050105231419|050105|200805|020505|02050501|14|19|16|18|1|2|1500.0|0
050105241419|050105|200805|020505|02050501|14|19|16|18|1|3|1500.0|0
050105251419|050105|200805|020505|02050501|14|19|16|18|1|4|1500.0|0
050105261419|050105|200805|020505|02050501|14|19|16|18|1|5|1200.0|0
050105271419|050105|200805|020505|02050501|14|19|16|18|1|6|1000.0|0
050105311419|050105|200805|020505|02050501|14|19|16|18|2|0|1000.0|0
050105321419|050105|200805|020505|02050501|14|19|16|18|2|1|1200.0|0
050105331419|050105|200805|020505|02050501|14|19|16|18|2|2|1500.0|0
050105341419|050105|200805|020505|02050501|14|19|16|18|2|3|1500.0|0
050105351419|050105|200805|020505|02050501|14|19|16|18|2|4|1500.0|0
050105361419|050105|200805|020505|02050501|14|19|16|18|2|5|1200.0|0
050105371419|050105|200805|020505|02050501|14|19|16|18|2|6|1000.0|0
050105411419|050105|200805|020505|02050501|14|19|16|18|3|0|1000.0|0
050105421419|050105|200805|020505|02050501|14|19|16|18|3|1|1200.0|0
050105431419|050105|200805|020505|02050501|14|19|16|18|3|2|1500.0|0
050105441419|050105|200805|020505|02050501|14|19|16|18|3|3|1500.0|0
050105451419|050105|200805|020505|02050501|14|19|16|18|3|4|1500.0|0
050105461419|050105|200805|020505|02050501|14|19|16|18|3|5|1200.0|0
050105471419|050105|200805|020505|02050501|14|19|16|18|3|6|1000.0|0
050105111120|050105|200805|020505|02050501|11|20|13|19|0|0|1000.0|0
050105121120|050105|200805|020505|02050501|11|20|13|19|0|1|1200.0|0
050105131120|050105|200805|020505|02050501|11|20|13|19|0|2|1500.0|0
050105141120|050105|200805|020505|02050501|11|20|13|19|0|3|1500.0|0
050105151120|050105|200805|020505|02050501|11|20|13|19|0|4|1500.0|0
050105161120|050105|200805|020505|02050501|11|20|13|19|0|5|1200.0|0
050105171120|050105|200805|020505|02050501|11|20|13|19|0|6|1000.0|0
050105211120|050105|200805|020505|02050501|11|20|13|19|1|0|1000.0|0
050105221120|050105|200805|020505|02050501|11|20|13|19|1|1|1200.0|0
050105231120|050105|200805|020505|02050501|11|20|13|19|1|2|1500.0|0
050105241120|050105|200805|020505|02050501|11|20|13|19|1|3|1500.0|0
050105251120|050105|200805|020505|02050501|11|20|13|19|1|4|1500.0|0
050105261120|050105|200805|020505|02050501|11|20|13|19|1|5|1200.0|0
050105271120|050105|200805|020505|02050501|11|20|13|19|1|6|1000.0|0
050105311120|050105|200805|020505|02050501|11|20|13|19|2|0|1000.0|0
050105321120|050105|200805|020505|02050501|11|20|13|19|2|1|1200.0|0
050105331120|050105|200805|020505|02050501|11|20|13|19|2|2|1500.0|0
050105341120|050105|200805|020505|02050501|11|20|13|19|2|3|1500.0|0
050105351120|050105|200805|020505|02050501|11|20|13|19|2|4|1500.0|0
050105361120|050105|200805|020505|02050501|11|20|13|19|2|5|1200.0|0
050105371120|050105|200805|020505|02050501|11|20|13|19|2|6|1000.0|0
050105411120|050105|200805|020505|02050501|11|20|13|19|3|0|1000.0|0
050105421120|050105|200805|020505|02050501|11|20|13|19|3|1|1200.0|0
050105431120|050105|200805|020505|02050501|11|20|13|19|3|2|1500.0|0
050105441120|050105|200805|020505|02050501|11|20|13|19|3|3|1500.0|0
050105451120|050105|200805|020505|02050501|11|20|13|19|3|4|1500.0|0
050105461120|050105|200805|020505|02050501|11|20|13|19|3|5|1200.0|0
050105471120|050105|200805|020505|02050501|11|20|13|19|3|6|1000.0|0
